forearm_arm_angle_offset: -2.1514317029248273
forearm_length: 148.38298609084978
sheet_distance: 86.65002811062968
tolerance: 105.30844965725147
upper_arm_angle_offset: -1.3537779583944571
upper_arm_length: 126.517071871902
